10.0 0.0 1545.7
10.0 0.4 1593.7
10.0 0.8 1551.3
10.0 1.2000000000000002 1562.3
10.0 1.6 1569.4
10.0 2.0 1565.6
10.0 2.4 1578.6
10.0 2.8 1589.5
10.0 3.1999999999999997 1580.2
10.0 3.5999999999999996 1569.4
10.0 3.9999999999999996 1591.4
10.0 4.3999999999999995 1589.5
10.0 4.8 1581.0
10.0 5.2 1613.6
10.0 5.6000000000000005 1583.3
10.0 6.000000000000001 1570.8
10.0 6.400000000000001 1594.7
10.0 6.800000000000002 1540.5
10.0 7.200000000000002 1559.4
10.0 7.600000000000002 1574.1
10.0 8.000000000000002 1567.5
10.0 8.400000000000002 1576.8
10.0 8.800000000000002 1542.1
10.0 9.200000000000003 1592.3
10.0 9.600000000000003 1589.1
10.0 0.0 12363.7

49.0 0.4 12136.4
49.0 0.8 12225.2
49.0 1.2000000000000002 12216.5
49.0 1.6 12290.1
49.0 2.0 12191.9
49.0 2.4 12164.6
49.0 2.8 12181.2
49.0 3.1999999999999997 12445.3
49.0 3.5999999999999996 12287.2
49.0 3.9999999999999996 12186.7
49.0 4.3999999999999995 12082.3
49.0 4.8 12218.1
49.0 5.2 12360.2
49.0 5.6000000000000005 12117.9
49.0 6.000000000000001 12242.1
49.0 6.400000000000001 12258.1
49.0 6.800000000000002 12337.7
49.0 7.200000000000002 12379.9
49.0 7.600000000000002 12303.9
49.0 8.000000000000002 12167.6
49.0 8.400000000000002 12311.3
49.0 8.800000000000002 12211.6
49.0 9.200000000000003 12309.4
49.0 9.600000000000003 12267.4
49.0 0.0 25270.0
49.0 0.4 25026.4

88.0 0.8 25288.5
88.0 1.2000000000000002 25178.6
88.0 1.6 25212.0
88.0 2.0 25134.7
88.0 2.4 25256.4
88.0 2.8 25051.9
88.0 3.1999999999999997 25105.6
88.0 3.5999999999999996 25204.7
88.0 3.9999999999999996 25160.9
88.0 4.3999999999999995 25165.2
88.0 4.8 25310.6
88.0 5.2 25375.6
88.0 5.6000000000000005 24972.9
88.0 6.000000000000001 25095.2
88.0 6.400000000000001 25248.5
88.0 6.800000000000002 25052.8
88.0 7.200000000000002 25029.9
88.0 7.600000000000002 25084.1
88.0 8.000000000000002 25224.6
88.0 8.400000000000002 25325.8
88.0 8.800000000000002 25178.6
88.0 9.200000000000003 25168.0
88.0 9.600000000000003 25112.1
88.0 0.0 38887.1
88.0 0.4 38600.4
88.0 0.8 38971.4

127.0 1.2000000000000002 38820.0
127.0 1.6 38664.5
127.0 2.0 38836.6
127.0 2.4 38858.7
127.0 2.8 38537.7
127.0 3.1999999999999997 38734.4
127.0 3.5999999999999996 38734.7
127.0 3.9999999999999996 38757.0
127.0 4.3999999999999995 39128.6
127.0 4.8 39233.6
127.0 5.2 38611.8
127.0 5.6000000000000005 38662.5
127.0 6.000000000000001 38932.8
127.0 6.400000000000001 38859.7
127.0 6.800000000000002 38916.7
127.0 7.200000000000002 38788.8
127.0 7.600000000000002 38870.6
127.0 8.000000000000002 38958.9
127.0 8.400000000000002 38639.5
127.0 8.800000000000002 38745.1
127.0 9.200000000000003 38625.4
127.0 9.600000000000003 38733.2
127.0 0.0 52703.6
127.0 0.4 52566.4
127.0 0.8 52740.9
127.0 1.2000000000000002 52625.6

166.0 1.6 52325.5
166.0 2.0 52642.7
166.0 2.4 52850.8
166.0 2.8 52919.9
166.0 3.1999999999999997 52525.3
166.0 3.5999999999999996 52703.0
166.0 3.9999999999999996 52660.4
166.0 4.3999999999999995 52796.0
166.0 4.8 52412.3
166.0 5.2 52203.5
166.0 5.6000000000000005 52916.6
166.0 6.000000000000001 52769.0
166.0 6.400000000000001 52764.6
166.0 6.800000000000002 52729.1
166.0 7.200000000000002 52360.8
166.0 7.600000000000002 52757.5
166.0 8.000000000000002 52478.5
166.0 8.400000000000002 53166.5
166.0 8.800000000000002 52880.1
166.0 9.200000000000003 53105.9
166.0 9.600000000000003 52716.0
166.0 0.0 66887.6
166.0 0.4 66677.7
166.0 0.8 66744.8
166.0 1.2000000000000002 67158.3
166.0 1.6 67112.4

205.0 2.0 67165.9
205.0 2.4 67270.1
205.0 2.8 66714.7
205.0 3.1999999999999997 66753.8
205.0 3.5999999999999996 66922.4
205.0 3.9999999999999996 66821.2
205.0 4.3999999999999995 66733.7
205.0 4.8 67010.6
205.0 5.2 66944.0
205.0 5.6000000000000005 66941.4
205.0 6.000000000000001 67004.9
205.0 6.400000000000001 67107.8
205.0 6.800000000000002 66526.2
205.0 7.200000000000002 67112.5
205.0 7.600000000000002 67002.8
205.0 8.000000000000002 66760.9
205.0 8.400000000000002 66953.6
205.0 8.800000000000002 66918.5
205.0 9.200000000000003 66734.0
205.0 9.600000000000003 67071.3
205.0 0.0 81290.1
205.0 0.4 81043.8
205.0 0.8 81358.4
205.0 1.2000000000000002 81149.3
205.0 1.6 81394.6
205.0 2.0 81220.1

244.0 2.4 81863.8
244.0 2.8 81999.5
244.0 3.1999999999999997 81167.9
244.0 3.5999999999999996 80701.1
244.0 3.9999999999999996 80848.0
244.0 4.3999999999999995 81350.1
244.0 4.8 81230.0
244.0 5.2 81704.0
244.0 5.6000000000000005 80742.5
244.0 6.000000000000001 81369.8
244.0 6.400000000000001 81213.1
244.0 6.800000000000002 80488.2
244.0 7.200000000000002 81041.1
244.0 7.600000000000002 81306.4
244.0 8.000000000000002 81081.2
244.0 8.400000000000002 80691.3
244.0 8.800000000000002 80674.4
244.0 9.200000000000003 81292.9
244.0 9.600000000000003 81644.9
244.0 0.0 96303.3
244.0 0.4 96320.4
244.0 0.8 95331.9
244.0 1.2000000000000002 95728.0
244.0 1.6 95311.4
244.0 2.0 95638.9
244.0 2.4 95662.3

283.0 2.8 95976.4
283.0 3.1999999999999997 95466.7
283.0 3.5999999999999996 95210.4
283.0 3.9999999999999996 95103.2
283.0 4.3999999999999995 96424.1
283.0 4.8 95457.8
283.0 5.2 95349.3
283.0 5.6000000000000005 95113.3
283.0 6.000000000000001 95784.5
283.0 6.400000000000001 95702.0
283.0 6.800000000000002 95833.8
283.0 7.200000000000002 96190.3
283.0 7.600000000000002 95784.9
283.0 8.000000000000002 95702.7
283.0 8.400000000000002 95880.3
283.0 8.800000000000002 95171.8
283.0 9.200000000000003 95806.6
283.0 9.600000000000003 95783.6
283.0 0.0 109508.7
283.0 0.4 110746.9
283.0 0.8 109835.4
283.0 1.2000000000000002 110130.0
283.0 1.6 109368.4
283.0 2.0 110793.3
283.0 2.4 110621.4
283.0 2.8 109456.7

322.0 3.1999999999999997 109589.0
322.0 3.5999999999999996 109766.9
322.0 3.9999999999999996 110146.3
322.0 4.3999999999999995 110128.6
322.0 4.8 110647.8
322.0 5.2 110438.1
322.0 5.6000000000000005 110270.2
322.0 6.000000000000001 110348.1
322.0 6.400000000000001 110163.0
322.0 6.800000000000002 109848.0
322.0 7.200000000000002 109534.9
322.0 7.600000000000002 109942.6
322.0 8.000000000000002 110947.7
322.0 8.400000000000002 110054.2
322.0 8.800000000000002 110005.7
322.0 9.200000000000003 110305.0
322.0 9.600000000000003 109773.3
322.0 0.0 124417.6
322.0 0.4 125145.4
322.0 0.8 124258.3
322.0 1.2000000000000002 124663.5
322.0 1.6 124638.1
322.0 2.0 125096.1
322.0 2.4 124257.3
322.0 2.8 125127.4
322.0 3.1999999999999997 125302.4

361.0 3.5999999999999996 124827.3
361.0 3.9999999999999996 124921.8
361.0 4.3999999999999995 124490.4
361.0 4.8 124434.6
361.0 5.2 124616.9
361.0 5.6000000000000005 124193.4
361.0 6.000000000000001 125017.9
361.0 6.400000000000001 125113.7
361.0 6.800000000000002 124647.8
361.0 7.200000000000002 124881.0
361.0 7.600000000000002 125656.0
361.0 8.000000000000002 125392.3
361.0 8.400000000000002 124791.9
361.0 8.800000000000002 124919.1
361.0 9.200000000000003 124558.6
361.0 9.600000000000003 124884.1
361.0 0.0 139187.0
361.0 0.4 139355.3
361.0 0.8 139070.3
361.0 1.2000000000000002 137882.9
361.0 1.6 139765.8
361.0 2.0 139587.3
361.0 2.4 138755.6
361.0 2.8 138885.8
361.0 3.1999999999999997 139694.7
361.0 3.5999999999999996 139300.0

400.0 3.9999999999999996 139210.3
400.0 4.3999999999999995 139437.4
400.0 4.8 139084.2
400.0 5.2 139148.6
400.0 5.6000000000000005 139741.7
400.0 6.000000000000001 139192.8
400.0 6.400000000000001 138825.3
400.0 6.800000000000002 138702.0
400.0 7.200000000000002 139032.7
400.0 7.600000000000002 138728.2
400.0 8.000000000000002 139127.8
400.0 8.400000000000002 138199.8
400.0 8.800000000000002 140932.1
400.0 9.200000000000003 138691.1
400.0 9.600000000000003 138936.8
400.0 0.0 153789.1
400.0 0.4 154440.2
400.0 0.8 153935.1
400.0 1.2000000000000002 153818.4
400.0 1.6 153276.8
400.0 2.0 152877.2
400.0 2.4 154025.5
400.0 2.8 153688.5
400.0 3.1999999999999997 153316.3
400.0 3.5999999999999996 153233.7
400.0 3.9999999999999996 154297.5

439.0 4.3999999999999995 154109.6
439.0 4.8 153160.0
439.0 5.2 153805.0
439.0 5.6000000000000005 153588.7
439.0 6.000000000000001 154066.7
439.0 6.400000000000001 153776.0
439.0 6.800000000000002 154082.3
439.0 7.200000000000002 154671.6
439.0 7.600000000000002 153021.7
439.0 8.000000000000002 154062.5
439.0 8.400000000000002 153531.4
439.0 8.800000000000002 154396.2
439.0 9.200000000000003 154157.7
439.0 9.600000000000003 153261.0
439.0 0.0 169452.1
439.0